1960
3023337000
1961
3080856000
1962
3140462000
1963
3202162000
1964
3265912000
1965
3331643000
1966
3399335000
1967
3468886000
1968
3540028000
1969
3612414000
1970
3685743000
1971
3759981000
1972
3835048000
1973
3910562000
1974
3986068000
1975
4061275000
1976
4135996000
1977
4210398000
1978
4284999000
1979
4360534000
1980
4437559000
1981
4516098000
1982
4596033000
1983
4677571000
1984
4760932000
1985
4846181000
1986
4933453000
1987
5022469000
1988
5112357000
1989
5201947000
1990
5290365000
1991
5377290000
1992
5462841000
1993
5547125000
1994
5630423000
1995
5712957000
1996
5794692000
1997
5875567000
1998
5955783000
1999
6035601000
2000
6115225000
2001
6194738000
2002
6274148000
2003
6353499000
2004
6432813000
2005
6512105000
2006
6591372000
2007
6670620000
2008
6749876000
2009
6829170000
2010
6908493000
2011
6984859000
2012
7067047000
2013
7140891000
2014
7224353000
2015
7295135000
2016
7378701000
2017
7454496000
2018
7529185000
2019
7602592000
2020
7674578000
2021
7745053000
2022
7808423000
2023
7877178000
2024
7944560000
2025
8010509000
2026
8074988000
2027
8137967000
2028
8199423000
2029
8259338000
2030
8308583000
2031
8363607000
2032
8417200000
2033
8469442000
2034
8520431000
2035
8570231000
2036
8618867000
2037
8666308000
2038
8712501000
2039
8757366000
2040
8800834000
2041
8842855000
2042
8883403000
2043
8922455000
2044
8959987000
2045
8995958000
2046
9030309000
2047
9062959000
2048
9093807000
2049
9122727000
2050
9149575000
2051
9167543000
2052
9185898000
2053
9204645000
2054
9223786000
2055
9243326000
2056
9254720000
2057
9266462000
2058
9278556000
2059
9291003000
2060
9303805000
2061
9308410000
2062
9313340000
2063
9318596000
2064
9324180000
2065
9330092000
2066
9327639000
2067
9325506000
2068
9323694000
2069
9322202000
2070
9321029000
2071
9311283000
2072
9301873000
2073
9292799000
2074
9284059000
2075
9275651000
2076
9258467000
2077
9241662000
2078
9225231000
2079
9209173000
2080
9193483000
2081
9168853000
2082
9144671000
2083
9120930000
2084
9097627000
2085
9074756000
2086
9042844000
2087
9011478000
2088
8980651000
2089
8950354000
2090
8920581000
2091
8881752000
2092
8843598000
2093
8806109000
2094
8769274000
2095
8733081000
2096
8687920000
2097
8643594000
2098
8600087000
2099
8557383000
